50 5 0.1 0.9 both 0.6190528770287832
50 5 0.3 0.7 both 0.6591338435808818
50 5 0.5 0.5 both 0.6475861897071203
50 5 0.7 0.3 both 0.6322123010953268
50 5 0.9 0.1 both 0.6520902236302694
50 10 0.1 0.9 both 0.628056370218595
50 10 0.3 0.7 both 0.6520749002695084
50 10 0.5 0.5 both 0.640218989054362
50 10 0.7 0.3 both 0.6565789431333542
50 10 0.9 0.1 both 0.6395702918370565
50 20 0.1 0.9 both 0.653689730167389
50 20 0.3 0.7 both 0.649815970659256
50 20 0.5 0.5 both 0.6456554343303044
50 20 0.7 0.3 both 0.6462796042362849
50 20 0.9 0.1 both 0.637671755750974
100 5 0.1 0.9 both 0.663602618376414
100 5 0.3 0.7 both 0.6293230871359508
100 5 0.5 0.5 both 0.6379938046137491
100 5 0.7 0.3 both 0.6325113455454509
100 5 0.9 0.1 both 0.6292985528707504
100 10 0.1 0.9 both 0.6591154456138612
100 10 0.3 0.7 both 0.6274153431256613
100 10 0.5 0.5 both 0.6447061707576117
100 10 0.7 0.3 both 0.6498190393050511
100 10 0.9 0.1 both 0.6414857059717177
100 20 0.1 0.9 both 0.6629815419514974
100 20 0.3 0.7 both 0.6392589837312698
100 20 0.5 0.5 both 0.6658416132132212
100 20 0.7 0.3 both 0.6450174887975058
100 20 0.9 0.1 both 0.6581769049167633
200 5 0.1 0.9 both 0.657864064971606
200 5 0.3 0.7 both 0.6328502655029297
200 5 0.5 0.5 both 0.610739482442538
200 5 0.7 0.3 both 0.6395840972661971
200 5 0.9 0.1 both 0.6443672527869543
200 10 0.1 0.9 both 0.6440850774447123
200 10 0.3 0.7 both 0.6568580587704976
200 10 0.5 0.5 both 0.6610262602567673
200 10 0.7 0.3 both 0.6353974978129069
200 10 0.9 0.1 both 0.646291865905126
200 20 0.1 0.9 both 0.6469896286725998
200 20 0.3 0.7 both 0.6443749248981475
200 20 0.5 0.5 both 0.6431005358695984
200 20 0.7 0.3 both 0.6139277329047521
200 20 0.9 0.1 both 0.6542939543724061
300 5 0.1 0.9 both 0.6312415659427643
300 5 0.3 0.7 both 0.632851799329122
300 5 0.5 0.5 both 0.6408554176489513
300 5 0.7 0.3 both 0.6335004895925521
300 5 0.9 0.1 both 0.6302907675504684
300 10 0.1 0.9 both 0.6485507955153783
300 10 0.3 0.7 both 0.6411805321772893
300 10 0.5 0.5 both 0.6367040862639746
300 10 0.7 0.3 both 0.6322123020887375
300 10 0.9 0.1 both 0.6469543566306432
300 20 0.1 0.9 both 0.6501487543185551
300 20 0.3 0.7 both 0.6594221552213032
300 20 0.5 0.5 both 0.644039073586464
300 20 0.7 0.3 both 0.6155134429534277
300 20 0.9 0.1 both 0.6488620976607006
